76634 0.0016	102	4560000
74596 0.0017	102	4440000
73653 0.0017	110	4320000
72641 0.0018	118	4200000
71353 0.0018	122	2220000
71350 0.0018	122	2235000
68445 0.0018	122	2250000
67388 0.0019	125	2265000
64921 0.0019	132	2280000
59229 0.0022	132	2295000
39805 0.0028	132	2310000
37904 0.0029	141	2325000
37865 0.0029	141	2340000
37837 0.0029	142	2355000
35606 0.0031	142	3024000
35603 0.0031	142	3024000
34246 0.0038	143	2772000
34206 0.0038	147	2772000
34193 0.0038	149	2772000
33310 0.0043	149	2721600
32411 0.0046	152	2640000
31847 0.0046	152	2640000
30920 0.0049	152	2484000
24512 0.0049	152	2484000
21623 0.0059	153	2250000
17515 0.0059	154	2160000
17515 0.0059	155	2160000
